[[[206 156 121]
  [206 156 119]
  [209 157 120]
  ...
  [215 157 119]
  [217 161 126]
  [186 132  96]]

 [[210 157 123]
  [209 157 120]
  [209 157 118]
  ...
  [247 193 157]
  [239 186 152]
  [176 126  93]]

 [[211 157 121]
  [209 155 117]
  [208 155 115]
  ...
  [225 176 146]
  [204 157 129]
  [144  99  70]]

 ...

 [[ 22  18   6]
  [ 29  25  14]
  [ 34  27  19]
  ...
  [ 94  55  38]
  [111  68  52]
  [119  73  58]]

 [[ 14  12   0]
  [ 21  17   6]
  [ 27  20  12]
  ...
  [105  63  47]
  [118  72  57]
  [118  71  55]]

 [[ 13  11   0]
  [ 19  17   5]
  [ 28  21  13]
  ...
  [125  82  66]
  [134  87  71]
  [132  83  68]]]